0.00000000000000, 37.24155044639244, 34.86108118407632, 16.81038863453091, 20.27457359284644, 18.28418268838241, 49.15500254638058, 23.55079978091362, 41.74738272416890, 28.98871971543833, 57.31500350413509, 37.87529259266078, 28.15970479911380, 24.41592882690490, 30.09967318885154, 28.81268155635654, 20.87361222504756, 47.60474274840626, 21.25767272825048, 20.04480907831793, 34.94767511930764, 43.54766214208212, 52.48507849435555
37.24155044639244, 0.00000000000000, 18.70046926231612, 24.36202961683319, 16.96697685354600, 18.95736775801003, 57.18664352868286, 23.77075066547883, 19.97416772222354, 9.62954876634955, 49.28336252183281, 46.38693357496307, 36.19134578141608, 12.82562161948754, 7.14187725754090, 8.42886889003590, 32.74525320734984, 18.74647426661839, 17.03940424646261, 33.35645006062021, 18.61387532708479, 37.92934562079608, 47.12420827097958
34.86108118407632, 18.70046926231612, 0.00000000000000, 27.47921691454474, 16.24416415125756, 16.57689849569391, 38.48617426636674, 11.31028140316270, 6.88630154009258, 28.17001802866567, 67.98383178414893, 44.00646431264695, 17.49087651909996, 10.44515235717143, 13.95859200477522, 16.82605618774746, 31.54244050506140, 12.74366156432994, 31.67659154417417, 31.03363735833177, 0.56659393523133, 54.54766238050070, 63.48507873277413
16.81038863453091, 24.36202961683319, 27.47921691454474, 0.00000000000000, 11.23505276328719, 26.29611541023866, 65.96539118091148, 32.54949831770745, 29.50786189460965, 16.10919888587908, 40.50461486960419, 54.68568122719169, 44.97009343364471, 19.68436927171617, 17.22015235929229, 15.93316072679728, 8.38322359051665, 34.72522191884701, 7.32262537037058, 8.99442044378702, 27.39262297931342, 26.04766214208212, 34.98507849435555
20.27457359284644, 16.96697685354600, 16.24416415125756, 11.23505276328719, 0.00000000000000, 15.06106264695147, 54.73033841762430, 21.31444555442026, 21.47280913132246, 11.92585387740811, 51.73966763289138, 43.45062846390450, 33.73504067035752, 8.44931650842898, 9.82509959600510, 8.53810796351010, 15.77827635380384, 27.33016915555982, 15.43242739291661, 16.38947320707421, 16.15757021602623, 37.79766166524496, 46.73507801751839
18.28418268838241, 18.95736775801003, 16.57689849569391, 26.29611541023866, 15.06106264695147, 0.00000000000000, 39.66927577067283, 6.25338290746879, 23.46320003578649, 26.98691652435958, 66.80073027984285, 28.70956581695303, 18.67397802340605, 6.61174613852249, 12.77549050046913, 15.64295468344138, 30.35933900075531, 29.32056006002385, 30.49349003986808, 29.53053585402568, 16.66349243092524, 53.54766333417501, 62.48507968644844
49.15500254638058, 57.18664352868286, 38.48617426636674, 65.96539118091148, 54.73033841762430, 39.66927577067283, 0.00000000000000, 33.41589286320404, 37.21247580645932, 66.65619229503241, 106.47000605051571, 15.60029004628020, 20.99529774726678, 46.28102190919532, 52.44476627114196, 55.31223045411421, 70.02861477142814, 41.14983583069668, 70.16276581054090, 69.19981162469851, 38.57276820159807, 94.79766020493116, 103.73507655720459
23.55079978091362, 23.77075066547883, 11.31028140316270, 32.54949831770745, 21.31444555442026, 6.25338290746879, 33.41589286320404, 0.00000000000000, 18.19658294325528, 33.24029943182837, 73.05411318731164, 32.69618290948424, 12.42059511593726, 12.86512904599128, 19.02887340793792, 21.89633759091016, 36.61272190822410, 24.05394296749265, 36.74687294733687, 35.78391876149447, 11.39687533839403, 60.04766309575643, 68.98507944802986
41.74738272416890, 19.97416772222354, 6.88630154009258, 29.50786189460965, 21.47280913132246, 23.46320003578649, 37.21247580645932, 18.19658294325528, 0.00000000000000, 29.44371648857309, 69.25753024405635, 50.89276585273952, 16.85717805919254, 17.33145389726400, 15.23229046468263, 18.09975464765488, 37.25108548512630, 5.85736002423736, 32.95029000408159, 37.86228233839667, 6.79970760486125, 56.04766154603567, 64.98507789830910
28.98871971543833, 9.62954876634955, 28.17001802866567, 16.10919888587908, 11.92585387740811, 26.98691652435958, 66.65619229503241, 33.24029943182837, 29.44371648857309, 0.00000000000000, 39.81381375548327, 55.37648234131261, 45.66089454776563, 20.37517038583709, 14.21142602389045, 11.34396184091820, 24.49242247639572, 28.21602303296793, 8.78657351550850, 25.10361932966610, 28.08342409343434, 29.42934597842395, 38.62420862860745
57.31500350413509, 49.28336252183281, 67.98383178414893, 40.50461486960419, 51.73966763289138, 66.80073027984285, 106.47000605051571, 73.05411318731164, 69.25753024405635, 39.81381375548327, 0.00000000000000, 95.19029609679588, 85.47470830324890, 60.18898414132036, 54.02523977937372, 51.15777559640147, 36.44139127908754, 68.02983678845121, 36.30724023997477, 37.27019442581717, 67.89723784891761, 16.20233973546419, 7.26492338319076
37.87529259266078, 46.38693357496307, 44.00646431264695, 54.68568122719169, 43.45062846390450, 28.70956581695303, 15.60029004628020, 32.69618290948424, 50.89276585273952, 55.37648234131261, 95.19029609679588, 0.00000000000000, 34.67558779354698, 35.00131195547552, 41.16505631742216, 44.03252050039441, 58.74890481770834, 56.75012587697689, 58.88305585682111, 57.92010167097871, 44.09305824787828, 83.04766381101217, 91.98508016328560
28.15970479911380, 36.19134578141608, 17.49087651909996, 44.97009343364471, 33.73504067035752, 18.67397802340605, 20.99529774726678, 12.42059511593726, 16.85717805919254, 45.66089454776563, 85.47470830324890, 34.67558779354698, 0.00000000000000, 25.28572416192853, 31.44946852387518, 34.31693270684742, 49.03331702416136, 22.07453808342991, 49.16746806327413, 48.20451387743174, 17.57747045433129, 72.79766106919851, 81.73507742147194
24.41592882690490, 12.82562161948754, 10.44515235717143, 19.68436927171617, 8.44931650842898, 6.61174613852249, 46.28102190919532, 12.86512904599128, 17.33145389726400, 20.37517038583709, 60.18898414132036, 35.00131195547552, 25.28572416192853, 0.00000000000000, 6.32374436194664, 9.03120854491889, 23.74759286223282, 23.18881392150137, 23.88174390134559, 22.91878971550319, 10.53174629240275, 46.54766285733785, 55.48507920961129
30.09967318885154, 7.14187725754090, 13.95859200477522, 17.22015235929229, 9.82509959600510, 12.77549050046913, 52.44476627114196, 19.02887340793792, 15.23229046468263, 14.21142602389045, 54.02523977937372, 41.16505631742216, 31.44946852387518, 6.32374436194664, 0.00000000000000, 2.86746418297225, 25.60337594980894, 17.50506955955473, 17.71799953939895, 26.21457280307931, 13.87199806954389, 40.04766190366354, 48.98507825593697
28.81268155635654, 8.42886889003590, 16.82605618774746, 15.93316072679728, 8.53810796351010, 15.64295468344138, 55.31223045411421, 21.89633759091016, 18.09975464765488, 11.34396184091820, 51.15777559640147, 44.03252050039441, 34.31693270684742, 9.03120854491889, 2.86746418297225, 0.00000000000000, 24.31638431731393, 18.79206119204973, 14.85053535642670, 24.92758117058430, 16.73946225251614, 37.04766238050070, 45.98507873277413
20.87361222504756, 32.74525320734984, 31.54244050506140, 8.38322359051665, 15.77827635380384, 30.35933900075531, 70.02861477142814, 36.61272190822410, 37.25108548512630, 24.49242247639572, 36.44139127908754, 58.74890481770834, 49.03331702416136, 23.74759286223282, 25.60337594980894, 24.31638431731393, 0.00000000000000, 43.10844550936366, 15.70584896088723, 1.23842130336549, 31.57137788026504, 21.79766142682638, 30.73507777909981
47.60474274840626, 18.74647426661839, 12.74366156432994, 34.72522191884701, 27.33016915555982, 29.32056006002385, 41.14983583069668, 24.05394296749265, 5.85736002423736, 28.21602303296793, 68.02983678845121, 56.75012587697689, 22.07453808342991, 23.18881392150137, 17.50506955955473, 18.79206119204973, 43.10844550936366, 0.00000000000000, 31.72259654847643, 43.71964236263403, 12.65706762909862, 54.79766165779438, 63.73507801006781
21.25767272825048, 17.03940424646261, 31.67659154417417, 7.32262537037058, 15.43242739291661, 30.49349003986808, 70.16276581054090, 36.74687294733687, 32.95029000408159, 8.78657351550850, 36.30724023997477, 58.88305585682111, 49.16746806327413, 23.88174390134559, 17.71799953939895, 14.85053535642670, 15.70584896088723, 31.72259654847643, 0.00000000000000, 16.31704581415760, 31.58999760894284, 21.54766106919851, 30.48507742147194
20.04480907831793, 33.35645006062021, 31.03363735833177, 8.99442044378702, 16.38947320707421, 29.53053585402568, 69.19981162469851, 35.78391876149447, 37.86228233839667, 25.10361932966610, 37.27019442581717, 57.92010167097871, 48.20451387743174, 22.91878971550319, 26.21457280307931, 24.92758117058430, 1.23842130336549, 43.71964236263403, 16.31704581415760, 0.00000000000000, 31.06257473353542, 22.54766190366354, 31.48507825593697
34.94767511930764, 18.61387532708479, 0.56659393523133, 27.39262297931342, 16.15757021602623, 16.66349243092524, 38.57276820159807, 11.39687533839403, 6.79970760486125, 28.08342409343434, 67.89723784891761, 44.09305824787828, 17.57747045433129, 10.53174629240275, 13.87199806954389, 16.73946225251614, 31.57137788026504, 12.65706762909862, 31.58999760894284, 31.06257473353542, 0.00000000000000, 54.54766238050070, 63.48507873277413
43.54766214208212, 37.92934562079608, 54.54766238050070, 26.04766214208212, 37.79766166524496, 53.54766333417501, 94.79766020493116, 60.04766309575643, 56.04766154603567, 29.42934597842395, 16.20233973546419, 83.04766381101217, 72.79766106919851, 46.54766285733785, 40.04766190366354, 37.04766238050070, 21.79766142682638, 54.79766165779438, 21.54766106919851, 22.54766190366354, 54.54766238050070, 0.00000000000000, 9.19486265018350
52.48507849435555, 47.12420827097958, 63.48507873277413, 34.98507849435555, 46.73507801751839, 62.48507968644844, 103.73507655720459, 68.98507944802986, 64.98507789830910, 38.62420862860745, 7.26492338319076, 91.98508016328560, 81.73507742147194, 55.48507920961129, 48.98507825593697, 45.98507873277413, 30.73507777909981, 63.73507801006781, 30.48507742147194, 31.48507825593697, 63.48507873277413, 9.19486265018350, 0.00000000000000
