0.00000000000000, 28.65143061868527, 16.40119591558959, 21.32435436314412, 33.01559950176136, 17.58042416033578, 34.48568065199969, 29.92776650355315, 23.77908896175069, 19.41915236922275, 28.62857409072350, 44.90184381059009, 24.94492505224292, 32.99715334523644, 38.74265104813807, 48.05551075327794, 29.58816459391394, 17.25547182030320, 43.76995537444768, 48.62205427853588, 51.75829042763357, 25.44127507411758, 39.71380694056279
28.65143061868527, 0.00000000000000, 18.72271707018470, 21.01698571963131, 61.66703012044664, 46.23185477902105, 5.83425003331443, 30.32928765814826, 52.43051958043596, 23.66067352381786, 9.62285652796177, 45.30336496518520, 8.02650556644235, 61.64858396392171, 67.39408166682334, 48.45703190787305, 58.23959521259921, 45.90690243898847, 15.11852475576241, 49.02357543313099, 80.40972104631882, 55.19127412044327, 40.40848952790839
16.40119591558959, 18.72271707018470, 0.00000000000000, 11.14573135055340, 42.94431305026193, 27.50913770883634, 24.55696710349914, 13.52657058796355, 33.70780251025126, 4.93795645363315, 18.69986054222293, 28.50064789500049, 15.01621150374235, 42.92586689373701, 48.67136459663864, 31.65431483768835, 39.51687814241451, 27.18418536880376, 33.84124182594712, 32.22085836294629, 61.68700397613412, 35.69127483569901, 56.96380479479558
21.32435436314412, 21.01698571963131, 11.14573135055340, 0.00000000000000, 54.09004440081532, 38.65486905938973, 23.49123575294574, 9.31230193851695, 44.85353386080465, 16.08368780418655, 11.39412919166954, 24.28637924555388, 12.99048015318895, 54.07159824429040, 59.81709594719204, 27.60004618824174, 50.66260949296790, 38.32991671935715, 33.25551047539371, 28.00658971349969, 72.83273532668753, 47.44127495490829, 61.21380491400487
33.01559950176136, 61.66703012044664, 42.94431305026193, 54.09004440081532, 0.00000000000000, 17.68482465857441, 67.50128015376107, 49.57774246229837, 9.23651054001067, 38.00635659662878, 61.64417359248486, 44.86753384826129, 57.96052455400428, 10.54155384347507, 31.64705154637671, 26.64999821257358, 13.37256509215258, 17.83987231854183, 76.78555487620905, 27.04345468731564, 26.90269092587220, 17.42200316584785, 67.21380455637700
17.58042416033578, 46.23185477902105, 27.50913770883634, 38.65486905938973, 17.68482465857441, 0.00000000000000, 52.06610481233548, 34.14256712087279, 10.12133519858509, 22.57118125520319, 46.20899825105928, 36.15235850683570, 42.52534921257869, 15.41672918490066, 21.16222688780229, 39.30602544952356, 12.00774043357816, 0.84410401936102, 61.35037953478346, 39.87256897478151, 34.17786626729779, 7.19127578937332, 48.96380527163274
34.48568065199969, 5.83425003331443, 24.55696710349914, 23.49123575294574, 67.50128015376107, 52.06610481233548, 0.00000000000000, 32.80353769146269, 58.26476961375039, 29.49492355713229, 12.09710656127620, 47.77761499849962, 10.50075559975678, 67.48283399723614, 73.22833170013777, 50.93128194118749, 64.07384524591365, 51.74115247230290, 10.24427472244798, 51.49782546644542, 86.24397107963327, 61.44127650462906, 46.65849191209418
29.92776650355315, 30.32928765814826, 13.52657058796355, 9.31230193851695, 49.57774246229837, 34.14256712087279, 32.80353769146269, 0.00000000000000, 40.34123192228771, 11.79290005540442, 20.70643113018649, 14.97407730703694, 22.30278209170590, 49.55929630577345, 55.30479400867509, 22.92774424972479, 46.15030755445095, 33.81761478084021, 42.56781241391067, 22.53428777498273, 68.32043338817058, 42.69127590858261, 70.96380396033055
23.77908896175069, 52.43051958043596, 33.70780251025126, 44.85353386080465, 9.23651054001067, 10.12133519858509, 58.26476961375039, 40.34123192228771, 0.00000000000000, 28.76984605661811, 52.40766305247419, 35.63102330825062, 48.72401401399361, 9.21806438348574, 24.08356208638738, 29.18469025093848, 6.60907563216325, 10.27638285855250, 67.54904433619836, 29.75123377619642, 27.97920146588287, 9.67200459635933, 59.46380598688847
19.41915236922275, 23.66067352381786, 4.93795645363315, 16.08368780418655, 38.00635659662878, 22.57118125520319, 29.49492355713229, 11.79290005540442, 28.76984605661811, 0.00000000000000, 23.63781699585609, 25.48269144136734, 19.95416795737550, 37.98791044010385, 43.73340814300548, 28.63635838405519, 34.57892168878136, 22.24622891517061, 38.77919827958026, 29.20290190931313, 56.74904752250097, 30.69127364360611, 59.96380551005132
28.62857409072350, 9.62285652796177, 18.69986054222293, 11.39412919166954, 61.64417359248486, 46.20899825105928, 12.09710656127620, 20.70643113018649, 52.40766305247419, 23.63781699585609, 0.00000000000000, 35.68050843722342, 3.68364903848058, 61.62572743595994, 67.37122513886156, 38.83417537991128, 58.21673868463743, 45.88404591102669, 21.86138128372418, 39.40071890516922, 80.38686451835706, 55.19127412044327, 49.46380598688847
44.90184381059009, 45.30336496518520, 28.50064789500049, 24.28637924555388, 44.86753384826129, 36.15235850683570, 47.77761499849962, 14.97407730703694, 35.63102330825062, 25.48269144136734, 35.68050843722342, 0.00000000000000, 37.27685939874284, 44.84908769173636, 50.91458539463800, 18.21753563568771, 41.44009894041387, 36.30740616680312, 57.54188972094760, 17.82407916094565, 63.61022477413349, 37.69127501451294, 86.46380497360951
24.94492505224292, 8.02650556644235, 15.01621150374235, 12.99048015318895, 57.96052455400428, 42.52534921257869, 10.50075559975678, 22.30278209170590, 48.72401401399361, 19.95416795737550, 3.68364903848058, 37.27685939874284, 0.00000000000000, 57.94207839747936, 63.68757610038099, 40.43052634143070, 54.53308964615685, 42.20039687254611, 20.26503032220477, 40.99706986668864, 76.70321547987649, 51.44127531253616, 47.71380527163274
32.99715334523644, 61.64858396392171, 42.92586689373701, 54.07159824429040, 10.54155384347507, 15.41672918490066, 67.48283399723614, 49.55929630577345, 9.21806438348574, 37.98791044010385, 61.62572743595994, 44.84908769173636, 57.94207839747936, 0.00000000000000, 21.10549770290163, 32.16275463442422, 3.65468206084962, 15.74168152493324, 76.76710871968412, 32.72929815968216, 18.76113708239713, 8.80872385299881, 56.46380586767918
38.74265104813807, 67.39408166682334, 48.67136459663864, 59.81709594719204, 31.64705154637671, 21.16222688780229, 73.22833170013777, 55.30479400867509, 24.08356208638738, 43.73340814300548, 67.37122513886156, 50.91458539463800, 63.68757610038099, 21.10549770290163, 0.00000000000000, 53.26825233732586, 18.27448645422414, 21.48717922783488, 82.51260642258575, 53.83479586258380, 13.01563937949549, 15.32799659573357, 34.46380479479558
48.05551075327794, 48.45703190787305, 31.65431483768835, 27.60004618824174, 26.64999821257358, 39.30602544952356, 50.93128194118749, 22.92774424972479, 29.18469025093848, 28.63635838405519, 38.83417537991128, 18.21753563568771, 40.43052634143070, 32.16275463442422, 53.26825233732586, 0.00000000000000, 34.99376588310172, 39.46107310949098, 60.69555666363546, 0.62225389636649, 48.52389171682135, 40.17200352347572, 89.96380491400487
29.58816459391394, 58.23959521259921, 39.51687814241451, 50.66260949296790, 13.37256509215258, 12.00774043357816, 64.07384524591365, 46.15030755445095, 6.60907563216325, 34.57892168878136, 58.21673868463743, 41.44009894041387, 54.53308964615685, 3.65468206084962, 18.27448645422414, 34.99376588310172, 0.00000000000000, 12.33269277361075, 73.35811996836162, 35.56030940835966, 22.17012583371962, 5.30872540271957, 53.46380455637700
17.25547182030320, 45.90690243898847, 27.18418536880376, 38.32991671935715, 17.83987231854183, 0.84410401936102, 51.74115247230290, 33.81761478084021, 10.27638285855250, 22.24622891517061, 45.88404591102669, 36.30740616680312, 42.20039687254611, 15.74168152493324, 21.48717922783488, 39.46107310949098, 12.33269277361075, 0.00000000000000, 61.02542719475088, 40.02761663474892, 34.50281860733036, 7.44127555095474, 48.71380551005132
43.76995537444768, 15.11852475576241, 33.84124182594712, 33.25551047539371, 76.78555487620905, 61.35037953478346, 10.24427472244798, 42.56781241391067, 67.54904433619836, 38.77919827958026, 21.86138128372418, 57.54188972094760, 20.26503032220477, 76.76710871968412, 82.51260642258575, 60.69555666363546, 73.35811996836162, 61.02542719475088, 0.00000000000000, 61.26210018889339, 95.52824580208123, 70.94127578937332, 56.15849119683844
48.62205427853588, 49.02357543313099, 32.22085836294629, 28.00658971349969, 27.04345468731564, 39.87256897478151, 51.49782546644542, 22.53428777498273, 29.75123377619642, 29.20290190931313, 39.40071890516922, 17.82407916094565, 40.99706986668864, 32.72929815968216, 53.83479586258380, 0.62225389636649, 35.56030940835966, 40.02761663474892, 61.26210018889339, 0.00000000000000, 49.09043524207929, 40.67200364268501, 90.46380503321416
51.75829042763357, 80.40972104631882, 61.68700397613412, 72.83273532668753, 26.90269092587220, 34.17786626729779, 86.24397107963327, 68.32043338817058, 27.97920146588287, 56.74904752250097, 80.38686451835706, 63.61022477413349, 76.70321547987649, 18.76113708239713, 13.01563937949549, 48.52389171682135, 22.17012583371962, 34.50281860733036, 95.52824580208123, 49.09043524207929, 0.00000000000000, 28.55872289932449, 43.34150749185937
25.44127507411758, 55.19127412044327, 35.69127483569901, 47.44127495490829, 17.42200316584785, 7.19127578937332, 61.44127650462906, 42.69127590858261, 9.67200459635933, 30.69127364360611, 55.19127412044327, 37.69127501451294, 51.44127531253616, 8.80872385299881, 15.32799659573357, 40.17200352347572, 5.30872540271957, 7.44127555095474, 70.94127578937332, 40.67200364268501, 28.55872289932449, 0.00000000000000, 49.79180139052914
39.71380694056279, 40.40848952790839, 56.96380479479558, 61.21380491400487, 67.21380455637700, 48.96380527163274, 46.65849191209418, 70.96380396033055, 59.46380598688847, 59.96380551005132, 49.46380598688847, 86.46380497360951, 47.71380527163274, 56.46380586767918, 34.46380479479558, 89.96380491400487, 53.46380455637700, 48.71380551005132, 56.15849119683844, 90.46380503321416, 43.34150749185937, 49.79180139052914, 0.00000000000000
